368 (7828) 
529 (7057) 
354 (5835) 
829 (6810) 
217 (5375) 
722 (5845) 
766 (6265) 
684 (5408) 
419 (5057) 
692 (4993) 
120 (4973) 
494 (5102) 
145 (4559) 
883 (4902) 
177 (4629) 
460 (4438) 
937 (4681) 
438 (4511) 
39 (4258) 
283 (4082) 
682 (4132) 
32 (4248) 
362 (4388) 
789 (4309) 
183 (3883) 
720 (3864) 
914 (4037) 
775 (3771) 
538 (3982) 
947 (3690) 
470 (4137) 
966 (3921) 
956 (3626) 
401 (3667) 
541 (3735) 
919 (3710) 
71 (3507) 
205 (3605) 
346 (3470) 
862 (3649) 
895 (3385) 
888 (3686) 
12 (3415) 
795 (3361) 
489 (3420) 
510 (3281) 
509 (3044) 
598 (3219) 
885 (3043) 
825 (3085) 
487 (3135) 
918 (3012) 
998 (2713) 
581 (2943) 
279 (3014) 
758 (2860) 
886 (3053) 
381 (2959) 
675 (2976) 
75 (3151) 
350 (3069) 
798 (3103) 
676 (2717) 
844 (2814) 
548 (2843) 
793 (3063) 
614 (3134) 
8 (3090) 
571 (2902) 
871 (2810) 
526 (2793) 
694 (2847) 
471 (2894) 
175 (2791) 
72 (2852) 
236 (2618) 
854 (2847) 
522 (2725) 
597 (2883) 
782 (2767) 
752 (2578) 
561 (2783) 
276 (2479) 
57 (2743) 
112 (2680) 
944 (2794) 
569 (2835) 
54 (2595) 
661 (2693) 
239 (2742) 
631 (2793) 
797 (2684) 
132 (2641) 
653 (2634) 
78 (2471) 
140 (2687) 
778 (2514) 
617 (2614) 
960 (2732) 
21 (2666) 
151 (2611) 
48 (2472) 
285 (2600) 
921 (2425) 
93 (2777) 
788 (2386) 
413 (2637) 
274 (2628) 
634 (2492) 
593 (2601) 
477 (2462) 
390 (2685) 
38 (2402) 
242 (2325) 
70 (2411) 
674 (2527) 
523 (2244) 
69 (2370) 
392 (2420) 
480 (2309) 
161 (2320) 
780 (2306) 
620 (2100) 
606 (2668) 
204 (2174) 
874 (2237) 
803 (2237) 
579 (2164) 
229 (2281) 
296 (2210) 
73 (2179) 
472 (2125) 
663 (2354) 
27 (2165) 
116 (2193) 
638 (2288) 
809 (2163) 
6 (2149) 
334 (2146) 
832 (2062) 
744 (2177) 
897 (1935) 
349 (2041) 
52 (1983) 
746 (1982) 
280 (2108) 
387 (2089) 
450 (2082) 
738 (2129) 
893 (1947) 
841 (1927) 
913 (1939) 
196 (2096) 
826 (2022) 
411 (2047) 
55 (1959) 
192 (2004) 
214 (1893) 
706 (1923) 
35 (1984) 
440 (1943) 
774 (2046) 
449 (1890) 
90 (1875) 
878 (2047) 
373 (2007) 
800 (1916) 
210 (2009) 
970 (2086) 
658 (1881) 
290 (1793) 
427 (1856) 
687 (1762) 
332 (1861) 
763 (1862) 
227 (1818) 
43 (1721) 
580 (1667) 
704 (1794) 
887 (1671) 
814 (1672) 
110 (1801) 
805 (1789) 
932 (1786) 
623 (1845) 
923 (1753) 
385 (1676) 
100 (1749) 
115 (1775) 
975 (1764) 
853 (1804) 
403 (1722) 
351 (1641) 
935 (1742) 
130 (1711) 
910 (1695) 
45 (1728) 
605 (1652) 
577 (1695) 
735 (1689) 
769 (1622) 
343 (1599) 
982 (1640) 
405 (1525) 
967 (1695) 
275 (1692) 
984 (1756) 
31 (1666) 
740 (1632) 
572 (1589) 
765 (1705) 
85 (1555) 
68 (1601) 
17 (1683) 
51 (1612) 
185 (1529) 
516 (1544) 
168 (1538) 
884 (1645) 
846 (1480) 
486 (1547) 
259 (1522) 
686 (1495) 
867 (1530) 
736 (1470) 
198 (1461) 
673 (1635) 
639 (1572) 
964 (1518) 
981 (1542) 
857 (1588) 
496 (1428) 
812 (1518) 
500 (1444) 
995 (1521) 
129 (1547) 
1 (1535) 
820 (1473) 
534 (1531) 
423 (1412) 
33 (1460) 
521 (1582) 
294 (1445) 
630 (1523) 
469 (1502) 
594 (1516) 
641 (1494) 
952 (1574) 
461 (1498) 
97 (1466) 
162 (1450) 
326 (1488) 
208 (1483) 
234 (1416) 
906 (1444) 
890 (1437) 
154 (1447) 
58 (1330) 
41 (1353) 
310 (1390) 
583 (1389) 
949 (1414) 
28 (1454) 
308 (1402) 
834 (1373) 
4 (1394) 
240 (1399) 
424 (1448) 
611 (1444) 
143 (1417) 
448 (1370) 
335 (1345) 
950 (1463) 
749 (1330) 
217 346 (1336) 
946 (1350) 
963 (1327) 
792 (1306) 
815 (1358) 
574 (1297) 
265 (1359) 
147 (1383) 
678 (1329) 
707 (1354) 
25 (1395) 
319 (1371) 
860 (1255) 
125 (1287) 
651 (1288) 
804 (1315) 
649 (1292) 
10 (1351) 
701 (1283) 
540 (1293) 
576 (1337) 
504 (1296) 
991 (1268) 
810 (1267) 
422 (1255) 
513 (1287) 
618 (1337) 
859 (1242) 
819 (1257) 
573 (1229) 
988 (1164) 
37 (1249) 
357 (1142) 
170 (1203) 
578 (1290) 
309 (1262) 
784 (1257) 
39 825 (1187) 
989 (1289) 
94 (1201) 
348 (1226) 
515 (1166) 
368 682 (1193) 
163 (1256) 
665 (1297) 
181 (1235) 
530 (1263) 
197 (1230) 
591 (1241) 
899 (1252) 
716 (1199) 
368 829 (1194) 
207 (1214) 
550 (1203) 
900 (1165) 
789 829 (1194) 
718 (1238) 
733 (1141) 
567 (1102) 
517 (1201) 
378 (1149) 
111 (1171) 
458 (1124) 
173 (1080) 
39 704 (1107) 
322 (1154) 
527 (1185) 
600 (1192) 
992 (1116) 
377 (1149) 
941 (1126) 
414 (1160) 
628 (1102) 
688 (1132) 
790 (1094) 
394 (1145) 
704 825 (1102) 
361 (1104) 
468 (1089) 
948 (1149) 
554 (1114) 
843 (1222) 
157 (1140) 
104 (1158) 
490 (1066) 
105 (1100) 
266 (1022) 
978 (1141) 
708 (1090) 
126 (1075) 
922 (990) 
201 (1029) 
171 (1097) 
5 (1094) 
336 (1071) 
417 (971) 
632 (1070) 
258 (1036) 
563 (1065) 
366 (1031) 
122 (1081) 
823 (1031) 
710 (1044) 
227 390 (1049) 
390 722 (1042) 
108 (940) 
429 (1037) 
608 (999) 
928 (1034) 
912 (1009) 
428 (1021) 
217 283 (926) 
511 (1015) 
96 (975) 
529 598 (943) 
160 (987) 
484 (971) 
325 (1022) 
7 (997) 
558 (957) 
355 (958) 
432 (985) 
283 346 (910) 
546 (1050) 
395 (990) 
368 692 (928) 
838 (953) 
227 722 (995) 
785 (947) 
277 (982) 
329 (964) 
268 (885) 
855 (939) 
388 (938) 
471 960 (935) 
742 (953) 
568 (956) 
640 (932) 
415 (877) 
507 (950) 
629 (893) 
66 (888) 
745 (909) 
980 (899) 
224 (919) 
626 (874) 
352 (902) 
118 (916) 
193 (925) 
203 (861) 
705 (888) 
33 217 (852) 
464 (848) 
72 541 (846) 
624 (915) 
858 (866) 
33 283 (845) 
447 (863) 
70 684 (860) 
44 (903) 
879 (865) 
585 (856) 
158 (884) 
529 782 (862) 
392 862 (881) 
217 515 (843) 
368 494 (860) 
839 (854) 
33 346 (844) 
346 515 (849) 
943 (821) 
283 515 (835) 
642 (830) 
481 (888) 
712 (845) 
33 515 (824) 
347 (885) 
80 (826) 
675 886 (823) 
831 (852) 
392 489 (866) 
314 (846) 
684 765 (812) 
969 (849) 
95 (841) 
590 (814) 
345 (801) 
474 (815) 
622 (826) 
801 (835) 
830 (841) 
411 803 (826) 
923 947 (859) 
598 782 (800) 
684 819 (800) 
470 995 (754) 
765 819 (787) 
470 534 (764) 
659 (835) 
318 (812) 
70 819 (798) 
762 (792) 
70 765 (789) 
208 888 (829) 
57 937 (782) 
256 (785) 
290 888 (826) 
438 684 (825) 
471 678 (810) 
571 795 (838) 
595 (797) 
75 684 (797) 
304 (805) 
888 969 (810) 
215 (781) 
689 (817) 
6 676 (769) 
208 969 (806) 
298 (778) 
533 (772) 
633 (780) 
732 (799) 
290 969 (797) 
505 (791) 
208 290 (803) 
458 888 (796) 
458 969 (788) 
456 (804) 
114 (816) 
406 (785) 
534 995 (750) 
212 (778) 
252 (781) 
208 458 (796) 
690 (778) 
290 458 (786) 
759 (788) 
12 132 (785) 
18 (813) 
192 935 (775) 
623 795 (805) 
623 853 (791) 
241 (784) 
75 438 (772) 
518 (759) 
571 623 (783) 
496 626 (761) 
75 775 (787) 
795 853 (806) 
938 (766) 
214 354 (775) 
187 (759) 
571 853 (793) 
544 (773) 
723 (829) 
538 878 (767) 
117 (731) 
69 362 (757) 
296 829 (736) 
842 (752) 
164 (744) 
672 (743) 
21 793 (765) 
39 145 (734) 
32 947 (720) 
903 (711) 
220 (717) 
413 793 (766) 
467 (742) 
499 (743) 
494 682 (714) 
713 (716) 
494 862 (720) 
401 571 (708) 
242 471 (685) 
835 (732) 
788 956 (733) 
21 413 (756) 
339 (695) 
155 (697) 
711 (714) 
471 758 (694) 
32 285 (687) 
21 857 (729) 
793 857 (734) 
12 722 (740) 
448 538 (723) 
217 947 (716) 
368 937 (701) 
494 541 (694) 
413 857 (731) 
354 617 (680) 
295 (712) 
242 758 (669) 
307 (702) 
136 (707) 
82 (674) 
175 910 (713) 
285 947 (677) 
172 (663) 
561 888 (678) 
516 744 (678) 
438 966 (676) 
217 661 (693) 
120 895 (685) 
272 (659) 
263 (654) 
58 354 (643) 
346 888 (689) 
709 (672) 
321 (676) 
383 (668) 
346 561 (666) 
926 (672) 
71 766 (673) 
185 960 (677) 
12 390 (687) 
354 583 (660) 
185 471 (680) 
719 (663) 
120 862 (665) 
475 (663) 
801 862 (674) 
139 (671) 
606 975 (682) 
760 (698) 
494 944 (654) 
862 944 (659) 
262 (660) 
178 (654) 
925 (652) 
678 960 (669) 
158 354 (644) 
392 801 (664) 
2 (673) 
793 984 (656) 
494 631 (659) 
188 (650) 
185 678 (664) 
409 (651) 
385 684 (639) 
158 617 (637) 
158 583 (639) 
648 (653) 
421 (656) 
54 944 (640) 
471 871 (643) 
327 (662) 
335 509 (639) 
278 (657) 
494 883 (671) 
471 663 (633) 
328 (663) 
492 (665) 
746 966 (618) 
583 617 (631) 
617 885 (632) 
54 998 (637) 
12 227 (657) 
905 (640) 
120 593 (642) 
944 998 (637) 
833 (629) 
487 510 (646) 
145 419 (631) 
368 529 (640) 
581 966 (624) 
167 (625) 
509 937 (643) 
541 631 (625) 
226 (658) 
407 (634) 
21 57 (661) 
512 (611) 
494 815 (625) 
350 579 (630) 
663 871 (624) 
105 944 (626) 
708 883 (609) 
815 944 (626) 
522 617 (622) 
350 803 (634) 
72 937 (628) 
460 684 (619) 
105 494 (622) 
105 815 (616) 
296 368 (634) 
565 (640) 
105 862 (616) 
794 (624) 
815 862 (615) 
593 895 (631) 
661 947 (637) 
862 895 (635) 
350 411 (624) 
411 579 (617) 
579 803 (619) 
401 758 (604) 
6 472 (635) 
529 829 (584) 
470 793 (581) 
350 572 (613) 
21 205 (620) 
249 (615) 
766 960 (621) 
448 887 (621) 
494 963 (611) 
419 797 (622) 
183 366 (616) 
411 572 (610) 
183 766 (608) 
572 579 (601) 
572 803 (604) 
38 362 (617) 
684 766 (613) 
17 541 (613) 
579 842 (600) 
803 842 (607) 
419 752 (597) 
593 862 (615) 
911 (586) 
883 978 (601) 
17 956 (607) 
525 (609) 
217 923 (625) 
661 923 (623) 
411 842 (603) 
177 947 (600) 
350 842 (601) 
660 (610) 
837 (619) 
730 (602) 
316 (578) 
572 842 (592) 
541 963 (590) 
631 963 (591) 
720 780 (587) 
0 (594) 
845 (585) 
100 362 (595) 
32 472 (609) 
546 947 (608) 
546 661 (610) 
460 919 (591) 
436 (589) 
408 (607) 
41 541 (589) 
176 (582) 
132 688 (580) 
300 (582) 
6 32 (607) 
368 470 (581) 
581 631 (580) 
354 956 (586) 
645 (581) 
692 746 (578) 
853 883 (571) 
174 (579) 
753 (578) 
369 (592) 
557 (587) 
546 923 (600) 
217 546 (599) 
430 (580) 
851 (577) 
528 (576) 
493 (583) 
884 937 (594) 
116 673 (577) 
460 923 (574) 
120 829 (575) 
154 168 (574) 
364 (567) 
236 829 (566) 
793 914 (568) 
348 912 (562) 
708 978 (569) 
143 919 (564) 
373 716 (585) 
57 368 (568) 
541 956 (570) 
156 (572) 
494 893 (572) 
72 183 (575) 
214 956 (577) 
597 766 (569) 
824 (565) 
39 368 (565) 
354 752 (548) 
143 481 (558) 
401 460 (554) 
354 722 (566) 
368 653 (548) 
523 998 (561) 
4 716 (576) 
616 (568) 
90 620 (550) 
4 373 (572) 
774 883 (557) 
46 (543) 
120 793 (547) 
143 460 (555) 
175 766 (552) 
487 888 (558) 
450 937 (561) 
354 480 (540) 
731 (560) 
205 529 (554) 
569 862 (552) 
27 58 (537) 
217 510 (547) 
675 701 (540) 
940 (536) 
419 581 (546) 
90 309 (536) 
120 510 (542) 
320 (540) 
217 487 (546) 
914 984 (546) 
647 (551) 
217 394 (543) 
631 780 (540) 
403 950 (541) 
854 899 (539) 
130 274 (544) 
279 489 (547) 
945 (536) 
510 793 (535) 
631 735 (535) 
197 878 (544) 
852 (538) 
703 (546) 
52 598 (539) 
825 879 (537) 
53 (535) 
27 354 (529) 
392 569 (535) 
190 (531) 
175 834 (543) 
828 (542) 
57 362 (538) 
481 919 (536) 
315 (533) 
362 918 (532) 
93 789 (538) 
909 (525) 
674 720 (537) 
192 888 (534) 
888 935 (535) 
419 665 (533) 
580 871 (541) 
692 766 (535) 
183 541 (529) 
638 888 (529) 
159 (542) 
192 638 (529) 
349 888 (530) 
217 888 (539) 
90 120 (523) 
735 780 (527) 
132 638 (540) 
11 (525) 
128 (525) 
460 481 (526) 
953 (525) 
487 638 (523) 
704 884 (540) 
3 (531) 
477 766 (525) 
90 793 (519) 
26 (527) 
21 362 (523) 
285 871 (523) 
36 (528) 
213 (522) 
240 956 (524) 
236 956 (521) 
242 392 (524) 
242 489 (526) 
487 935 (519) 
217 561 (519) 
21 918 (511) 
216 (525) 
461 862 (514) 
192 487 (517) 
798 862 (513) 
368 438 (518) 
620 793 (519) 
868 (510) 
973 (512) 
933 (523) 
478 (522) 
69 871 (515) 
69 285 (513) 
419 854 (519) 
194 (517) 
299 (522) 
38 918 (506) 
412 (517) 
684 923 (514) 
638 935 (513) 
934 (510) 
236 541 (510) 
120 620 (511) 
349 634 (512) 
57 918 (504) 
90 510 (510) 
229 758 (516) 
510 620 (509) 
157 719 (519) 
144 (505) 
120 132 (512) 
94 428 (508) 
39 419 (511) 
210 829 (508) 
309 793 (507) 
529 591 (509) 
120 885 (507) 
368 460 (502) 
538 780 (511) 
75 829 (510) 
177 775 (510) 
12 120 (503) 
707 867 (504) 
771 (505) 
392 461 (502) 
569 801 (503) 
120 309 (502) 
309 620 (501) 
279 766 (501) 
368 766 (504) 
597 960 (504) 
461 569 (500) 
75 325 (500) 
657 (506) 
120 638 (500) 
814 829 (501) 
39 704 825 (1035) 
227 390 722 (907) 
217 283 346 (827) 
283 346 515 (806) 
217 283 515 (799) 
33 283 346 (802) 
217 346 515 (809) 
33 217 283 (793) 
33 217 346 (802) 
33 346 515 (797) 
33 283 515 (786) 
33 217 515 (789) 
529 598 782 (737) 
208 888 969 (771) 
290 888 969 (765) 
208 290 888 (764) 
208 290 969 (764) 
458 888 969 (756) 
208 458 969 (755) 
208 458 888 (757) 
208 290 458 (751) 
290 458 888 (750) 
290 458 969 (748) 
684 765 819 (699) 
623 795 853 (720) 
571 623 853 (713) 
470 534 995 (667) 
70 684 765 (695) 
70 765 819 (698) 
70 684 819 (700) 
571 795 853 (715) 
21 413 793 (700) 
21 793 857 (695) 
571 623 795 (704) 
21 413 857 (688) 
413 793 857 (691) 
75 438 684 (672) 
471 678 960 (658) 
185 471 960 (656) 
185 471 678 (657) 
185 678 960 (652) 
392 801 862 (637) 
32 285 947 (609) 
242 471 758 (607) 
158 354 617 (597) 
12 390 722 (629) 
346 561 888 (605) 
12 227 390 (607) 
158 354 583 (595) 
158 583 617 (590) 
354 583 617 (586) 
12 227 722 (609) 
368 494 682 (591) 
411 579 803 (573) 
120 593 895 (579) 
54 944 998 (578) 
350 411 803 (573) 
411 579 842 (568) 
350 579 803 (565) 
411 803 842 (575) 
579 803 842 (570) 
350 411 579 (562) 
350 579 842 (562) 
350 803 842 (570) 
411 572 803 (567) 
350 411 572 (565) 
350 572 803 (563) 
350 411 842 (566) 
471 663 871 (568) 
546 661 923 (592) 
546 661 947 (592) 
661 923 947 (591) 
411 572 579 (560) 
546 923 947 (584) 
217 923 947 (583) 
105 815 944 (566) 
494 541 631 (554) 
593 862 895 (573) 
350 572 579 (557) 
120 862 895 (571) 
217 546 661 (585) 
350 572 842 (561) 
411 572 842 (561) 
572 579 803 (559) 
217 661 923 (584) 
217 661 947 (583) 
120 593 862 (572) 
572 579 842 (558) 
572 803 842 (562) 
105 862 944 (559) 
494 541 963 (549) 
217 546 947 (577) 
217 546 923 (576) 
105 494 944 (557) 
105 494 815 (552) 
815 862 944 (552) 
494 631 963 (546) 
494 815 944 (553) 
105 494 862 (549) 
541 631 963 (540) 
105 815 862 (547) 
494 862 944 (550) 
494 815 862 (546) 
6 32 472 (545) 
708 883 978 (542) 
4 373 716 (531) 
192 888 935 (505) 
192 638 935 (504) 
296 368 829 (501) 
192 487 935 (500) 
217 283 346 515 (773) 
33 217 283 346 (766) 
33 283 346 515 (763) 
33 217 346 515 (764) 
33 217 283 515 (755) 
208 290 888 969 (734) 
208 458 888 969 (725) 
208 290 458 888 (720) 
290 458 888 969 (720) 
208 290 458 969 (717) 
21 413 793 857 (664) 
185 471 678 960 (648) 
571 623 795 853 (654) 
70 684 765 819 (630) 
12 227 390 722 (577) 
158 354 583 617 (557) 
546 661 923 947 (578) 
120 593 862 895 (562) 
411 579 803 842 (542) 
217 546 661 947 (571) 
217 546 661 923 (571) 
350 411 579 803 (535) 
350 411 803 842 (541) 
217 661 923 947 (568) 
217 546 923 947 (564) 
350 411 579 842 (533) 
350 411 572 803 (535) 
350 579 803 842 (535) 
350 572 803 842 (534) 
411 572 803 842 (535) 
411 572 579 803 (533) 
350 411 572 842 (532) 
411 572 579 842 (531) 
350 411 572 579 (529) 
572 579 803 842 (531) 
350 572 579 803 (528) 
350 572 579 842 (528) 
494 541 631 963 (513) 
105 494 815 944 (510) 
105 815 862 944 (509) 
105 494 862 944 (506) 
494 815 862 944 (501) 
105 494 815 862 (500) 
33 217 283 346 515 (732) 
208 290 458 888 969 (693) 
217 546 661 923 947 (559) 
350 411 572 803 842 (509) 
350 411 579 803 842 (509) 
411 572 579 803 842 (507) 
350 411 572 579 803 (504) 
350 572 579 803 842 (503) 
350 411 572 579 842 (503) 
